<?xml version="1.0"?>
<opencv_storage>
<calibration_Time>"Sun Feb 23 18:53:22 2014"</calibration_Time>
<nrOfFrames>25</nrOfFrames>
<image_Width>640</image_Width>
<image_Height>480</image_Height>
<board_Width>9</board_Width>
<board_Height>6</board_Height>
<square_Size>26.</square_Size>
<FixAspectRatio>1.</FixAspectRatio>
<!-- flags:  +fix_aspectRatio +fix_principal_point +zero_tangent_dist -->
<flagValue>14</flagValue>
<Camera_Matrix type_id="opencv-matrix">
  <rows>3</rows>
  <cols>3</cols>
  <dt>d</dt>
  <data>
    5.5300075332431265e+02 0. 3.1950000000000000e+02 0.
    5.5300075332431265e+02 2.3950000000000000e+02 0. 0. 1.</data></Camera_Matrix>
<Distortion_Coefficients type_id="opencv-matrix">
  <rows>5</rows>
  <cols>1</cols>
  <dt>d</dt>
  <data>
    1.4134566768844337e-03 -1.8247792303405855e-01 0. 0.
    2.9753331082246365e-01</data></Distortion_Coefficients>
<Avg_Reprojection_Error>7.4726039727596361e-01</Avg_Reprojection_Error>
<Per_View_Reprojection_Errors type_id="opencv-matrix">
  <rows>25</rows>
  <cols>1</cols>
  <dt>f</dt>
  <data>
    7.11614013e-01 4.10143286e-01 7.58118391e-01 5.78155518e-01
    5.03803313e-01 2.69318998e-01 1.06896055e+00 1.42684519e+00
    7.15301633e-01 5.09712815e-01 1.06291831e+00 1.09048104e+00
    3.36061865e-01 4.66433376e-01 5.55654228e-01 5.08337498e-01
    7.13010013e-01 5.35525918e-01 4.96843159e-01 8.62129927e-01
    5.66689491e-01 9.75034475e-01 1.19594538e+00 5.41685700e-01
    3.20194423e-01</data></Per_View_Reprojection_Errors>
<!-- a set of 6-tuples (rotation vector + translation vector) for each view -->
<Extrinsic_Parameters type_id="opencv-matrix">
  <rows>25</rows>
  <cols>6</cols>
  <dt>d</dt>
  <data>
    -1.3883354882291621e-01 -6.1788433093081400e-02
    4.2991854913232161e-03 -9.6133836756840992e+01
    -6.8610782352539005e+01 3.2214431544392909e+02
    -1.2478269925687201e-01 -6.7129196715847536e-02
    -8.9906262678682933e-03 -9.5448079379102765e+01
    -7.2765705348748725e+01 3.1637444638640119e+02
    -1.4315781473127101e-01 -5.5562542657340966e-02
    -3.6246646157891173e-02 -1.0269847544132493e+02
    -6.9880976920889793e+01 3.1420321605425676e+02
    -1.5115493429739188e-01 -5.1973948691396363e-02
    -2.3524650666094365e-02 -9.8345316532865425e+01
    -6.6585025727823975e+01 3.1494381470672420e+02
    -1.5235839967814763e-01 -5.0679385026336787e-02
    -2.1254304485348149e-02 -9.8932231280287709e+01
    -6.0963999404878052e+01 3.1489020466831101e+02
    -1.2324369930346242e-01 -2.1214885708909387e-01
    4.5573906658233750e-02 -1.1488975056977795e+02
    -6.3506267220964716e+01 3.0295096902364327e+02
    -9.0058260756674512e-03 -3.1626793910610207e-01
    8.2676360460639850e-02 -1.2139329030452046e+02
    -8.6387964462714848e+01 2.8245242479112164e+02
    1.2000787436863235e-02 -2.0742555560439904e-01
    7.4482788970693034e-02 -9.5218004032250036e+01
    -6.8911045068446725e+01 2.9056785678422483e+02
    1.7164821130240210e-01 -4.3976091176052889e-02
    5.9948919229706556e-02 -7.0594751016510500e+01
    -7.1388038421785851e+01 2.8949967288754078e+02
    3.4881438138980503e-01 8.1844465159451821e-03 1.4953150689496814e-02
    -7.6145477896293315e+01 -8.3420190960427817e+01
    2.7170338969788577e+02 3.6545123485969910e-01 6.6762371506545140e-02
    -4.1261716229321881e-03 -7.7654158056510838e+01
    -8.0960994350006843e+01 2.6646961533118906e+02
    1.9789348602545434e-01 1.8024949723653602e-01
    -5.5696720859386727e-02 -8.4957408318677366e+01
    -6.8682838571422664e+01 2.9024915122447038e+02
    -8.2126595403482997e-03 1.7791742216646436e-01
    -4.2865675441554632e-02 -9.3442162023140355e+01
    -5.0147257424433981e+01 3.1585352609080354e+02
    -1.3920124021250133e-01 1.2366193964695646e-01
    -5.4591742830390547e-02 -1.0577406201244843e+02
    -3.9744874234950743e+01 3.2577302853122211e+02
    -3.0824839890840938e-01 1.5419942518737972e-02
    -7.7191937645135988e-02 -1.2829562920064816e+02
    -2.4966945956975863e+01 3.2749845181783922e+02
    -5.7554875616400969e-01 -1.4376343090913499e-02
    -6.3746005122170324e-02 -1.2675701982617150e+02
    7.0435808237181718e-01 3.4276681858240295e+02
    -6.3613077804952678e-01 -2.0679949255375533e-02
    -1.8997277963141757e-02 -1.1818101913037268e+02
    -1.1757633443225652e+01 3.5018952539863545e+02
    -7.7058384386176793e-01 -2.5107506969193314e-02
    -6.9455662747360623e-03 -1.1368197324518403e+02
    -1.8361051131165429e+00 3.6703320436968505e+02
    -8.3197998327092160e-01 -8.1428265768192801e-02
    1.6451675468715721e-02 -1.1816211293022579e+02
    -1.0201519914526044e+01 3.6873021163282391e+02
    -1.7745042868782629e-01 -3.7269225186662824e-01
    9.1762318741158755e-02 -8.5460645199614461e+01
    -1.1111109332788261e+02 2.7658281847838379e+02
    -1.7311602362641412e-01 -2.8297201696996582e-01
    4.1987506944006013e-02 -1.0811271136114320e+02
    -7.0294913206334869e+01 2.9191500382097536e+02
    -1.1701403523494150e-02 -3.2754421317313503e-01
    5.8289618588008144e-02 -1.0522339907024757e+02
    -8.1537578397598352e+01 2.7562809769654598e+02
    -6.1125059518329222e-02 -2.2402431085190280e-01
    6.1483673147670219e-02 -8.2878023538989154e+01
    -4.2298712755281592e+01 2.9444408916506393e+02
    -1.8900846078767966e-01 -2.6231337554888042e-02
    1.7818135649199811e-02 -6.6750340875498011e+01
    -2.7056806718072984e+01 3.1710648856264248e+02
    -1.7653284449955919e-01 -1.7669563570802793e-02
    -1.4429641508586170e-02 -8.5561479809607320e+01
    -6.7286547095797530e+01 3.1561390512554334e+02</data></Extrinsic_Parameters>
